kinematics:
  shoulder:
    x: 0
    y: 0
    z: 0.1625516920729346
    roll: -0
    pitch: 0
    yaw: -1.907534586016724e-08
  upper_arm:
    x: 0.0001120915295337129
    y: 0
    z: 0
    roll: 1.569688430391485
    pitch: 0
    yaw: 5.298899193099222e-07
  forearm:
    x: -0.4256038499076575
    y: 0
    z: 0
    roll: 3.141078343340785
    pitch: 3.137915481101486
    yaw: 3.141579775176143
  wrist_1:
    x: -0.3924851663954657
    y: -0.0005175678234459945
    z: 0.1336779580152971
    roll: 0.003871732071318318
    pitch: -0.0002168836525582506
    yaw: 1.669477638280895e-05
  wrist_2:
    x: 3.030621192119196e-05
    y: -0.09968840954698834
    z: 8.54391751194192e-05
    roll: 1.569939264729329
    pitch: 0
    yaw: -1.662486104683781e-08
  wrist_3:
    x: -2.55027638987696e-05
    y: 0.09973042773093049
    z: -6.7654571642334e-05
    roll: 1.570117952473202
    pitch: 3.141592653589793
    yaw: -3.141592616235987
  hash: calib_18169472373653036085